%YAML:1.0
H: !!opencv-matrix
   rows: 11
   cols: 11
   dt: d
   data: [0.000000,0.000000,0.000000,0.001250,0.004967,0.006260,0.004967,0.001250,0.000000,0.000000,0.000000,0.000000,0.000032,0.006157,0.012396,0.012732,0.012732,0.012732,0.012396,0.006157,0.000032,0.000000,0.000000,0.006157,0.012732,0.012732,0.012732,0.012732,0.012732,0.012732,0.012732,0.006157,0.000000,0.001250,0.012396,0.012732,0.012732,0.012732,0.012732,0.012732,0.012732,0.012732,0.012396,0.001250,0.004967,0.012732,0.012732,0.012732,0.012732,0.012732,0.012732,0.012732,0.012732,0.012732,0.004967,0.006260,0.012732,0.012732,0.012732,0.012732,0.012732,0.012732,0.012732,0.012732,0.012732,0.006260,0.004967,0.012732,0.012732,0.012732,0.012732,0.012732,0.012732,0.012732,0.012732,0.012732,0.004967,0.001250,0.012396,0.012732,0.012732,0.012732,0.012732,0.012732,0.012732,0.012732,0.012396,0.001250,0.000000,0.006157,0.012732,0.012732,0.012732,0.012732,0.012732,0.012732,0.012732,0.006157,0.000000,0.000000,0.000032,0.006157,0.012396,0.012732,0.012732,0.012732,0.012396,0.006157,0.000032,0.000000,0.000000,0.000000,0.000000,0.001250,0.004967,0.006260,0.004967,0.001250,0.000000,0.000000,0.000000]
