%YAML:1.0
P: !!opencv-matrix
   rows: 24
   cols: 4
   dt: i
   data: [3,2,1,0,3,2,0,1,3,1,2,0,3,1,0,2,3,0,1,2,3,0,2,1,2,3,1,0,2,3,0,1,2,1,3,0,2,1,0,3,2,0,1,3,2,0,3,1,1,2,3,0,1,2,0,3,1,3,2,0,1,3,0,2,1,0,3,2,1,0,2,3,0,2,1,3,0,2,3,1,0,1,2,3,0,1,3,2,0,3,1,2,0,3,2,1]
